{
 "cells": [
  {
   "cell_type": "markdown",
   "id": "23e0bbee-86a7-49c2-a745-2863b9bd213f",
   "metadata": {
    "tags": []
   },
   "source": [
    "# (12주차) 11월30일 + 11월25일보충강의 \n",
    "> select, filter, mutate, group_by, summarise\n",
    "\n",
    "- toc:true\n",
    "- branch: master\n",
    "- badges: true\n",
    "- comments: true\n",
    "- author: 최규빈"
   ]
  },
  {
   "cell_type": "markdown",
   "id": "fd41dd2f-fe10-40bc-9344-6e66500c95fe",
   "metadata": {},
   "source": [
    "### 강의영상 "
   ]
  },
  {
   "cell_type": "markdown",
   "id": "367ef92f-9622-4aef-86e1-297ce9537a53",
   "metadata": {},
   "source": [
    "> youtube: https://youtube.com/playlist?list=PLQqh36zP38-zF9wZTSu3Vl1bfk2WBQC8a"
   ]
  },
  {
   "cell_type": "markdown",
   "id": "c189c317-b76f-407a-b616-e56d2398aab6",
   "metadata": {},
   "source": [
    "`-` (1/7) 숙제풀이\n",
    "\n",
    "`-` (2/7) select \n",
    "\n",
    "`-` (3/7) filter \n",
    "\n",
    "`-` (4/7) mutate \n",
    "\n",
    "`-` (5/7) group_by, summarise \n",
    "\n",
    "`-` (6/7) flight data \n",
    "\n",
    "`-` (7/7) 숙제설명 "
   ]
  },
  {
   "cell_type": "markdown",
   "id": "8295f93c-318f-4b6f-b377-8c39f69ead02",
   "metadata": {
    "tags": []
   },
   "source": [
    "### 데이터프레임과 티블 "
   ]
  },
  {
   "cell_type": "code",
   "execution_count": 79,
   "id": "fb59c207-f358-4b3b-850a-273ddf7fe709",
   "metadata": {},
   "outputs": [],
   "source": [
    "#hide\n",
    "options(jupyter.plot_scale=3)\n",
    "options(jupyter.display_mimetypes=c(\"text/html\"))\n",
    "options(jupyter.rich_display=FALSE)\n",
    "options(repr.plot.width=6,repr.plot.height=6,repr.plot.res=300)\n",
    "options(max.print=200)"
   ]
  },
  {
   "cell_type": "code",
   "execution_count": 80,
   "id": "23aefc52-bf62-4012-b53f-31bdc2c0d293",
   "metadata": {},
   "outputs": [],
   "source": [
    "library(tidyverse)"
   ]
  },
  {
   "cell_type": "markdown",
   "id": "4316441c-4bfe-4902-ad00-78647170c3a8",
   "metadata": {},
   "source": [
    "`-` 길이가 50인 벡터생성 "
   ]
  },
  {
   "cell_type": "code",
   "execution_count": 81,
   "id": "77429c00-5709-4f45-b9a2-4da5d21ae299",
   "metadata": {},
   "outputs": [
    {
     "data": {
      "text/plain": [
       " [1]  1.17767702  2.73106894 -1.35304458 -0.03276446  0.53369832  0.49395437\n",
       " [7] -0.57098744  0.08639052  0.13038589 -0.83919513  0.63070688  0.79315491\n",
       "[13] -0.88411918 -0.89302478 -1.73600236 -1.03698473 -0.01582456  0.96717754\n",
       "[19] -0.22076719  1.01093743  0.95756614 -1.06746861 -0.80694017  0.40289417\n",
       "[25]  0.03584857  0.07879276 -1.20817133 -0.67848560 -0.99625585  0.99035758\n",
       "[31] -0.30129979  0.63455394  0.59275899 -0.02683564  0.36659406 -0.39990796\n",
       "[37]  0.03857880 -0.94117668 -0.52508619  0.68735157 -0.11328093 -0.62775891\n",
       "[43]  0.90407099  0.45493649 -0.32498564  0.11173280 -0.18886705 -0.30540003\n",
       "[49]  1.84845946 -0.17473138"
      ]
     },
     "metadata": {},
     "output_type": "display_data"
    }
   ],
   "source": [
    "A = rnorm(10*5)\n",
    "A ## 길이가 50인 벡터에 정규분포에 추출한 값 "
   ]
  },
  {
   "cell_type": "markdown",
   "id": "e6d41049-588a-479b-9219-55c995aa4fa8",
   "metadata": {},
   "source": [
    "`-` 매트릭스로 변경 "
   ]
  },
  {
   "cell_type": "code",
   "execution_count": 82,
   "id": "e9c183ca-3cd1-463d-a0e1-7680f6a5e11d",
   "metadata": {},
   "outputs": [
    {
     "data": {
      "text/plain": [
       "      [,1]        [,2]        [,3]        [,4]        [,5]      \n",
       " [1,]  1.17767702  0.63070688  0.95756614 -0.30129979 -0.1132809\n",
       " [2,]  2.73106894  0.79315491 -1.06746861  0.63455394 -0.6277589\n",
       " [3,] -1.35304458 -0.88411918 -0.80694017  0.59275899  0.9040710\n",
       " [4,] -0.03276446 -0.89302478  0.40289417 -0.02683564  0.4549365\n",
       " [5,]  0.53369832 -1.73600236  0.03584857  0.36659406 -0.3249856\n",
       " [6,]  0.49395437 -1.03698473  0.07879276 -0.39990796  0.1117328\n",
       " [7,] -0.57098744 -0.01582456 -1.20817133  0.03857880 -0.1888670\n",
       " [8,]  0.08639052  0.96717754 -0.67848560 -0.94117668 -0.3054000\n",
       " [9,]  0.13038589 -0.22076719 -0.99625585 -0.52508619  1.8484595\n",
       "[10,] -0.83919513  1.01093743  0.99035758  0.68735157 -0.1747314"
      ]
     },
     "metadata": {},
     "output_type": "display_data"
    }
   ],
   "source": [
    "dim(A) = c(10,5) \n",
    "A"
   ]
  },
  {
   "cell_type": "markdown",
   "id": "6edd01c5-1034-491e-acfc-6b4ea3a2d4b4",
   "metadata": {},
   "source": [
    "`-` 티블로 변경 (자동으로 V1,...,V5 열의 이름이 지정됨) "
   ]
  },
  {
   "cell_type": "code",
   "execution_count": 83,
   "id": "495c5eed-c00a-4e20-995f-d690e6f573ec",
   "metadata": {},
   "outputs": [
    {
     "name": "stderr",
     "output_type": "stream",
     "text": [
      "Warning message:\n",
      "“The `x` argument of `as_tibble.matrix()` must have unique column names if `.name_repair` is omitted as of tibble 2.0.0.\n",
      "Using compatibility `.name_repair`.\n",
      "\u001b[90mThis warning is displayed once every 8 hours.\u001b[39m\n",
      "\u001b[90mCall `lifecycle::last_lifecycle_warnings()` to see where this warning was generated.\u001b[39m”\n"
     ]
    },
    {
     "data": {
      "text/plain": [
       "   V1          V2          V3          V4          V5        \n",
       "1   1.17767702  0.63070688  0.95756614 -0.30129979 -0.1132809\n",
       "2   2.73106894  0.79315491 -1.06746861  0.63455394 -0.6277589\n",
       "3  -1.35304458 -0.88411918 -0.80694017  0.59275899  0.9040710\n",
       "4  -0.03276446 -0.89302478  0.40289417 -0.02683564  0.4549365\n",
       "5   0.53369832 -1.73600236  0.03584857  0.36659406 -0.3249856\n",
       "6   0.49395437 -1.03698473  0.07879276 -0.39990796  0.1117328\n",
       "7  -0.57098744 -0.01582456 -1.20817133  0.03857880 -0.1888670\n",
       "8   0.08639052  0.96717754 -0.67848560 -0.94117668 -0.3054000\n",
       "9   0.13038589 -0.22076719 -0.99625585 -0.52508619  1.8484595\n",
       "10 -0.83919513  1.01093743  0.99035758  0.68735157 -0.1747314"
      ]
     },
     "metadata": {},
     "output_type": "display_data"
    }
   ],
   "source": [
    "A = as_tibble(A) \n",
    "A"
   ]
  },
  {
   "cell_type": "markdown",
   "id": "377eb7e9-fec0-4bfa-b58e-c5a423041426",
   "metadata": {},
   "source": [
    "`-` 컬럼의 이름 확인 "
   ]
  },
  {
   "cell_type": "code",
   "execution_count": 84,
   "id": "18e9272b-c9df-4f48-884d-821e1ed1875a",
   "metadata": {},
   "outputs": [
    {
     "data": {
      "text/plain": [
       "[1] \"V1\" \"V2\" \"V3\" \"V4\" \"V5\""
      ]
     },
     "metadata": {},
     "output_type": "display_data"
    }
   ],
   "source": [
    "colnames(A)"
   ]
  },
  {
   "cell_type": "markdown",
   "id": "c79b57fb-a876-4dae-a719-dcd9b0da6291",
   "metadata": {},
   "source": [
    "`-` 칼럼의 이름을 바꾸고 싶다면? "
   ]
  },
  {
   "cell_type": "code",
   "execution_count": 85,
   "id": "82b0a2cf-5148-4224-bc4b-13763954cad3",
   "metadata": {},
   "outputs": [
    {
     "data": {
      "text/plain": [
       "   X1          X2          X3          X4          X5        \n",
       "1   1.17767702  0.63070688  0.95756614 -0.30129979 -0.1132809\n",
       "2   2.73106894  0.79315491 -1.06746861  0.63455394 -0.6277589\n",
       "3  -1.35304458 -0.88411918 -0.80694017  0.59275899  0.9040710\n",
       "4  -0.03276446 -0.89302478  0.40289417 -0.02683564  0.4549365\n",
       "5   0.53369832 -1.73600236  0.03584857  0.36659406 -0.3249856\n",
       "6   0.49395437 -1.03698473  0.07879276 -0.39990796  0.1117328\n",
       "7  -0.57098744 -0.01582456 -1.20817133  0.03857880 -0.1888670\n",
       "8   0.08639052  0.96717754 -0.67848560 -0.94117668 -0.3054000\n",
       "9   0.13038589 -0.22076719 -0.99625585 -0.52508619  1.8484595\n",
       "10 -0.83919513  1.01093743  0.99035758  0.68735157 -0.1747314"
      ]
     },
     "metadata": {},
     "output_type": "display_data"
    }
   ],
   "source": [
    "colnames(A) = c('X1','X2','X3','X4','X5') \n",
    "A"
   ]
  },
  {
   "cell_type": "markdown",
   "id": "03d7113a-2769-4f32-8be6-b0f2c52d01b1",
   "metadata": {},
   "source": [
    "### select() "
   ]
  },
  {
   "cell_type": "markdown",
   "id": "a79f3b27-58e2-4346-ad24-02d9d69d83b4",
   "metadata": {},
   "source": [
    "`-` 처음 3개의 칼럼과 마지막 1개의 칼럼을 선택하고 싶다면? "
   ]
  },
  {
   "cell_type": "code",
   "execution_count": 86,
   "id": "4e56bd95-8f61-4be0-bdd2-52f5a6081ab4",
   "metadata": {},
   "outputs": [
    {
     "data": {
      "text/plain": [
       "   X1          X2          X3          X5        \n",
       "1   1.17767702  0.63070688  0.95756614 -0.1132809\n",
       "2   2.73106894  0.79315491 -1.06746861 -0.6277589\n",
       "3  -1.35304458 -0.88411918 -0.80694017  0.9040710\n",
       "4  -0.03276446 -0.89302478  0.40289417  0.4549365\n",
       "5   0.53369832 -1.73600236  0.03584857 -0.3249856\n",
       "6   0.49395437 -1.03698473  0.07879276  0.1117328\n",
       "7  -0.57098744 -0.01582456 -1.20817133 -0.1888670\n",
       "8   0.08639052  0.96717754 -0.67848560 -0.3054000\n",
       "9   0.13038589 -0.22076719 -0.99625585  1.8484595\n",
       "10 -0.83919513  1.01093743  0.99035758 -0.1747314"
      ]
     },
     "metadata": {},
     "output_type": "display_data"
    }
   ],
   "source": [
    "A %>% select(1:3,5) "
   ]
  },
  {
   "cell_type": "markdown",
   "id": "f49d0c9a-fdd3-4722-9e39-fa94f749a637",
   "metadata": {},
   "source": [
    "`-` 열의 이름을 통하여서도 선택할 수 있음 "
   ]
  },
  {
   "cell_type": "code",
   "execution_count": 87,
   "id": "50b3c218-17e2-47c4-be62-34094fca2263",
   "metadata": {},
   "outputs": [
    {
     "data": {
      "text/plain": [
       "   X1          X2          X3          X5        \n",
       "1   1.17767702  0.63070688  0.95756614 -0.1132809\n",
       "2   2.73106894  0.79315491 -1.06746861 -0.6277589\n",
       "3  -1.35304458 -0.88411918 -0.80694017  0.9040710\n",
       "4  -0.03276446 -0.89302478  0.40289417  0.4549365\n",
       "5   0.53369832 -1.73600236  0.03584857 -0.3249856\n",
       "6   0.49395437 -1.03698473  0.07879276  0.1117328\n",
       "7  -0.57098744 -0.01582456 -1.20817133 -0.1888670\n",
       "8   0.08639052  0.96717754 -0.67848560 -0.3054000\n",
       "9   0.13038589 -0.22076719 -0.99625585  1.8484595\n",
       "10 -0.83919513  1.01093743  0.99035758 -0.1747314"
      ]
     },
     "metadata": {},
     "output_type": "display_data"
    }
   ],
   "source": [
    "A %>% select(X1:X3,X5) "
   ]
  },
  {
   "cell_type": "markdown",
   "id": "4456173a-141e-43c1-b709-50346dae533a",
   "metadata": {},
   "source": [
    "`-` 열의 이름과 위치인덱스를 혼합하여 사용할 수 있음 "
   ]
  },
  {
   "cell_type": "code",
   "execution_count": 88,
   "id": "7db44c14-117b-4570-af40-5084097ce6eb",
   "metadata": {},
   "outputs": [
    {
     "data": {
      "text/plain": [
       "   X1          X2          X3          X5        \n",
       "1   1.17767702  0.63070688  0.95756614 -0.1132809\n",
       "2   2.73106894  0.79315491 -1.06746861 -0.6277589\n",
       "3  -1.35304458 -0.88411918 -0.80694017  0.9040710\n",
       "4  -0.03276446 -0.89302478  0.40289417  0.4549365\n",
       "5   0.53369832 -1.73600236  0.03584857 -0.3249856\n",
       "6   0.49395437 -1.03698473  0.07879276  0.1117328\n",
       "7  -0.57098744 -0.01582456 -1.20817133 -0.1888670\n",
       "8   0.08639052  0.96717754 -0.67848560 -0.3054000\n",
       "9   0.13038589 -0.22076719 -0.99625585  1.8484595\n",
       "10 -0.83919513  1.01093743  0.99035758 -0.1747314"
      ]
     },
     "metadata": {},
     "output_type": "display_data"
    }
   ],
   "source": [
    "A %>% select(X1:X3, 5)"
   ]
  },
  {
   "cell_type": "markdown",
   "id": "15e39b40-ef8e-4cd1-baa5-7ba884da445f",
   "metadata": {},
   "source": [
    "`-` 열의 이름과 위치인덱스를 혼합하여 사용할 수 있음 (2) "
   ]
  },
  {
   "cell_type": "code",
   "execution_count": 89,
   "id": "2eba930a-e25a-468e-a8fb-c94c38dafcae",
   "metadata": {},
   "outputs": [
    {
     "data": {
      "text/plain": [
       "   X1          X2          X3          X5        \n",
       "1   1.17767702  0.63070688  0.95756614 -0.1132809\n",
       "2   2.73106894  0.79315491 -1.06746861 -0.6277589\n",
       "3  -1.35304458 -0.88411918 -0.80694017  0.9040710\n",
       "4  -0.03276446 -0.89302478  0.40289417  0.4549365\n",
       "5   0.53369832 -1.73600236  0.03584857 -0.3249856\n",
       "6   0.49395437 -1.03698473  0.07879276  0.1117328\n",
       "7  -0.57098744 -0.01582456 -1.20817133 -0.1888670\n",
       "8   0.08639052  0.96717754 -0.67848560 -0.3054000\n",
       "9   0.13038589 -0.22076719 -0.99625585  1.8484595\n",
       "10 -0.83919513  1.01093743  0.99035758 -0.1747314"
      ]
     },
     "metadata": {},
     "output_type": "display_data"
    }
   ],
   "source": [
    "A %>% select(1:3, X5)"
   ]
  },
  {
   "cell_type": "markdown",
   "id": "c259f1fc-3cba-47e6-b091-a6696a14eac5",
   "metadata": {},
   "source": [
    "`-` 선택한 결과를 다른 변수에 저장가능 "
   ]
  },
  {
   "cell_type": "code",
   "execution_count": 90,
   "id": "38558f92-0dfa-4089-9f89-25a032b3348f",
   "metadata": {},
   "outputs": [
    {
     "data": {
      "text/plain": [
       "   X1          X2          X3          X5        \n",
       "1   1.17767702  0.63070688  0.95756614 -0.1132809\n",
       "2   2.73106894  0.79315491 -1.06746861 -0.6277589\n",
       "3  -1.35304458 -0.88411918 -0.80694017  0.9040710\n",
       "4  -0.03276446 -0.89302478  0.40289417  0.4549365\n",
       "5   0.53369832 -1.73600236  0.03584857 -0.3249856\n",
       "6   0.49395437 -1.03698473  0.07879276  0.1117328\n",
       "7  -0.57098744 -0.01582456 -1.20817133 -0.1888670\n",
       "8   0.08639052  0.96717754 -0.67848560 -0.3054000\n",
       "9   0.13038589 -0.22076719 -0.99625585  1.8484595\n",
       "10 -0.83919513  1.01093743  0.99035758 -0.1747314"
      ]
     },
     "metadata": {},
     "output_type": "display_data"
    }
   ],
   "source": [
    "A %>% select(1:3, X5) -> B \n",
    "B"
   ]
  },
  {
   "cell_type": "markdown",
   "id": "4ff6aaa4-c52a-47ce-ba96-29495f844212",
   "metadata": {
    "tags": []
   },
   "source": [
    "#### select(-c()) "
   ]
  },
  {
   "cell_type": "markdown",
   "id": "7eb115da-3082-4e71-9283-d46424e6ef5d",
   "metadata": {},
   "source": [
    "`-` A라는 자료를 다시 살펴보자. "
   ]
  },
  {
   "cell_type": "code",
   "execution_count": 91,
   "id": "7df8d117-504d-49cb-9e15-945c595eb2c0",
   "metadata": {},
   "outputs": [
    {
     "data": {
      "text/plain": [
       "   X1          X2          X3          X4          X5        \n",
       "1   1.17767702  0.63070688  0.95756614 -0.30129979 -0.1132809\n",
       "2   2.73106894  0.79315491 -1.06746861  0.63455394 -0.6277589\n",
       "3  -1.35304458 -0.88411918 -0.80694017  0.59275899  0.9040710\n",
       "4  -0.03276446 -0.89302478  0.40289417 -0.02683564  0.4549365\n",
       "5   0.53369832 -1.73600236  0.03584857  0.36659406 -0.3249856\n",
       "6   0.49395437 -1.03698473  0.07879276 -0.39990796  0.1117328\n",
       "7  -0.57098744 -0.01582456 -1.20817133  0.03857880 -0.1888670\n",
       "8   0.08639052  0.96717754 -0.67848560 -0.94117668 -0.3054000\n",
       "9   0.13038589 -0.22076719 -0.99625585 -0.52508619  1.8484595\n",
       "10 -0.83919513  1.01093743  0.99035758  0.68735157 -0.1747314"
      ]
     },
     "metadata": {},
     "output_type": "display_data"
    }
   ],
   "source": [
    "A"
   ]
  },
  {
   "cell_type": "markdown",
   "id": "67a58864-e679-4e36-8e46-3e4ae26abb6e",
   "metadata": {},
   "source": [
    "`-` 특정열을 제외하고 선택 "
   ]
  },
  {
   "cell_type": "code",
   "execution_count": 92,
   "id": "be20c6b8-ccef-448f-9d65-0f4ed9a63584",
   "metadata": {},
   "outputs": [
    {
     "data": {
      "text/plain": [
       "   X4          X5        \n",
       "1  -0.30129979 -0.1132809\n",
       "2   0.63455394 -0.6277589\n",
       "3   0.59275899  0.9040710\n",
       "4  -0.02683564  0.4549365\n",
       "5   0.36659406 -0.3249856\n",
       "6  -0.39990796  0.1117328\n",
       "7   0.03857880 -0.1888670\n",
       "8  -0.94117668 -0.3054000\n",
       "9  -0.52508619  1.8484595\n",
       "10  0.68735157 -0.1747314"
      ]
     },
     "metadata": {},
     "output_type": "display_data"
    }
   ],
   "source": [
    "A %>% select(-(X1:X3))"
   ]
  },
  {
   "cell_type": "code",
   "execution_count": 93,
   "id": "7ca8dca7-0f59-4c8f-a309-d542cdec2828",
   "metadata": {},
   "outputs": [
    {
     "data": {
      "text/plain": [
       "   X4          X5        \n",
       "1  -0.30129979 -0.1132809\n",
       "2   0.63455394 -0.6277589\n",
       "3   0.59275899  0.9040710\n",
       "4  -0.02683564  0.4549365\n",
       "5   0.36659406 -0.3249856\n",
       "6  -0.39990796  0.1117328\n",
       "7   0.03857880 -0.1888670\n",
       "8  -0.94117668 -0.3054000\n",
       "9  -0.52508619  1.8484595\n",
       "10  0.68735157 -0.1747314"
      ]
     },
     "metadata": {},
     "output_type": "display_data"
    }
   ],
   "source": [
    "A %>% select(-(1:3))"
   ]
  },
  {
   "cell_type": "markdown",
   "id": "1602d7e1-e3c6-4e4e-a1c5-f8e53b86c6e1",
   "metadata": {
    "tags": []
   },
   "source": [
    "#### select(...,start_with()) "
   ]
  },
  {
   "cell_type": "markdown",
   "id": "b9cf0f13-de39-4e9a-8271-c6e8b9548104",
   "metadata": {},
   "source": [
    "`-` 데이터 확인 "
   ]
  },
  {
   "cell_type": "code",
   "execution_count": 94,
   "id": "63489980-1c09-4b59-8973-ac7c4c722c6b",
   "metadata": {},
   "outputs": [
    {
     "data": {
      "text/plain": [
       "   X1          X2          X3          X4          X5        \n",
       "1   1.17767702  0.63070688  0.95756614 -0.30129979 -0.1132809\n",
       "2   2.73106894  0.79315491 -1.06746861  0.63455394 -0.6277589\n",
       "3  -1.35304458 -0.88411918 -0.80694017  0.59275899  0.9040710\n",
       "4  -0.03276446 -0.89302478  0.40289417 -0.02683564  0.4549365\n",
       "5   0.53369832 -1.73600236  0.03584857  0.36659406 -0.3249856\n",
       "6   0.49395437 -1.03698473  0.07879276 -0.39990796  0.1117328\n",
       "7  -0.57098744 -0.01582456 -1.20817133  0.03857880 -0.1888670\n",
       "8   0.08639052  0.96717754 -0.67848560 -0.94117668 -0.3054000\n",
       "9   0.13038589 -0.22076719 -0.99625585 -0.52508619  1.8484595\n",
       "10 -0.83919513  1.01093743  0.99035758  0.68735157 -0.1747314"
      ]
     },
     "metadata": {},
     "output_type": "display_data"
    }
   ],
   "source": [
    "A"
   ]
  },
  {
   "cell_type": "markdown",
   "id": "43ee0e96-2baa-43de-a4d5-c55630f4a6c3",
   "metadata": {},
   "source": [
    "`-` 열의 이름 확인 및 변경 "
   ]
  },
  {
   "cell_type": "code",
   "execution_count": 95,
   "id": "adeb4794-0c7c-4afb-94c5-3f316be89b10",
   "metadata": {},
   "outputs": [
    {
     "data": {
      "text/plain": [
       "[1] \"X1\" \"X2\" \"X3\" \"X4\" \"X5\""
      ]
     },
     "metadata": {},
     "output_type": "display_data"
    }
   ],
   "source": [
    "colnames(A) "
   ]
  },
  {
   "cell_type": "code",
   "execution_count": 96,
   "id": "9250d0c8-22de-4a16-8724-3e5f874244ff",
   "metadata": {},
   "outputs": [],
   "source": [
    "colnames(A)= c('XY1','XY2','XZ1','XZ2','X5')"
   ]
  },
  {
   "cell_type": "code",
   "execution_count": 97,
   "id": "8264d3da-3f9f-4c27-9ebd-dbcd0f656c0b",
   "metadata": {},
   "outputs": [
    {
     "data": {
      "text/plain": [
       "   XY1         XY2         XZ1         XZ2         X5        \n",
       "1   1.17767702  0.63070688  0.95756614 -0.30129979 -0.1132809\n",
       "2   2.73106894  0.79315491 -1.06746861  0.63455394 -0.6277589\n",
       "3  -1.35304458 -0.88411918 -0.80694017  0.59275899  0.9040710\n",
       "4  -0.03276446 -0.89302478  0.40289417 -0.02683564  0.4549365\n",
       "5   0.53369832 -1.73600236  0.03584857  0.36659406 -0.3249856\n",
       "6   0.49395437 -1.03698473  0.07879276 -0.39990796  0.1117328\n",
       "7  -0.57098744 -0.01582456 -1.20817133  0.03857880 -0.1888670\n",
       "8   0.08639052  0.96717754 -0.67848560 -0.94117668 -0.3054000\n",
       "9   0.13038589 -0.22076719 -0.99625585 -0.52508619  1.8484595\n",
       "10 -0.83919513  1.01093743  0.99035758  0.68735157 -0.1747314"
      ]
     },
     "metadata": {},
     "output_type": "display_data"
    }
   ],
   "source": [
    "A"
   ]
  },
  {
   "cell_type": "markdown",
   "id": "1001b0ec-61c6-421c-9f70-6dd0aaad3477",
   "metadata": {},
   "source": [
    "`-` XY로 시작하는 열을 선택 "
   ]
  },
  {
   "cell_type": "code",
   "execution_count": 98,
   "id": "1801bc58-e5b4-4de5-a7ac-c21ed6b7e9ba",
   "metadata": {},
   "outputs": [
    {
     "data": {
      "text/plain": [
       "   XY1         XY2        \n",
       "1   1.17767702  0.63070688\n",
       "2   2.73106894  0.79315491\n",
       "3  -1.35304458 -0.88411918\n",
       "4  -0.03276446 -0.89302478\n",
       "5   0.53369832 -1.73600236\n",
       "6   0.49395437 -1.03698473\n",
       "7  -0.57098744 -0.01582456\n",
       "8   0.08639052  0.96717754\n",
       "9   0.13038589 -0.22076719\n",
       "10 -0.83919513  1.01093743"
      ]
     },
     "metadata": {},
     "output_type": "display_data"
    }
   ],
   "source": [
    "A %>% select(starts_with('XY'))"
   ]
  },
  {
   "cell_type": "markdown",
   "id": "3943a940-c242-46c4-b79e-9a2bc114527f",
   "metadata": {},
   "source": [
    "#### select(...,ends_with()) "
   ]
  },
  {
   "cell_type": "markdown",
   "id": "3a4631cf-c135-485a-b2f2-dea9c4f1f7be",
   "metadata": {},
   "source": [
    "`-` 데이터확인 "
   ]
  },
  {
   "cell_type": "code",
   "execution_count": 99,
   "id": "cf6639e6-a1dd-4cd5-9bb8-1e913b74c990",
   "metadata": {},
   "outputs": [
    {
     "data": {
      "text/plain": [
       "   XY1         XY2         XZ1         XZ2         X5        \n",
       "1   1.17767702  0.63070688  0.95756614 -0.30129979 -0.1132809\n",
       "2   2.73106894  0.79315491 -1.06746861  0.63455394 -0.6277589\n",
       "3  -1.35304458 -0.88411918 -0.80694017  0.59275899  0.9040710\n",
       "4  -0.03276446 -0.89302478  0.40289417 -0.02683564  0.4549365\n",
       "5   0.53369832 -1.73600236  0.03584857  0.36659406 -0.3249856\n",
       "6   0.49395437 -1.03698473  0.07879276 -0.39990796  0.1117328\n",
       "7  -0.57098744 -0.01582456 -1.20817133  0.03857880 -0.1888670\n",
       "8   0.08639052  0.96717754 -0.67848560 -0.94117668 -0.3054000\n",
       "9   0.13038589 -0.22076719 -0.99625585 -0.52508619  1.8484595\n",
       "10 -0.83919513  1.01093743  0.99035758  0.68735157 -0.1747314"
      ]
     },
     "metadata": {},
     "output_type": "display_data"
    }
   ],
   "source": [
    "A"
   ]
  },
  {
   "cell_type": "markdown",
   "id": "d2a133e4-dfbe-4c47-8314-e308662ad872",
   "metadata": {},
   "source": [
    "`-` 2로 끝나는 열을 선택 "
   ]
  },
  {
   "cell_type": "code",
   "execution_count": 100,
   "id": "8d7c4017-e27d-480a-8020-9d2c86049957",
   "metadata": {},
   "outputs": [
    {
     "data": {
      "text/plain": [
       "   XY2         XZ2        \n",
       "1   0.63070688 -0.30129979\n",
       "2   0.79315491  0.63455394\n",
       "3  -0.88411918  0.59275899\n",
       "4  -0.89302478 -0.02683564\n",
       "5  -1.73600236  0.36659406\n",
       "6  -1.03698473 -0.39990796\n",
       "7  -0.01582456  0.03857880\n",
       "8   0.96717754 -0.94117668\n",
       "9  -0.22076719 -0.52508619\n",
       "10  1.01093743  0.68735157"
      ]
     },
     "metadata": {},
     "output_type": "display_data"
    }
   ],
   "source": [
    "A %>% select(ends_with('2'))"
   ]
  },
  {
   "cell_type": "markdown",
   "id": "5bedd572-0cb0-44bf-8b4d-7145a7f35770",
   "metadata": {},
   "source": [
    "#### select(...,contains()) "
   ]
  },
  {
   "cell_type": "markdown",
   "id": "70e4bc67-581f-484d-85f5-ac2078744cc0",
   "metadata": {},
   "source": [
    "`-` 데이터확인 "
   ]
  },
  {
   "cell_type": "code",
   "execution_count": 101,
   "id": "8ea81663-f459-4be1-8b74-ee15d5349794",
   "metadata": {},
   "outputs": [
    {
     "data": {
      "text/plain": [
       "   XY1         XY2         XZ1         XZ2         X5        \n",
       "1   1.17767702  0.63070688  0.95756614 -0.30129979 -0.1132809\n",
       "2   2.73106894  0.79315491 -1.06746861  0.63455394 -0.6277589\n",
       "3  -1.35304458 -0.88411918 -0.80694017  0.59275899  0.9040710\n",
       "4  -0.03276446 -0.89302478  0.40289417 -0.02683564  0.4549365\n",
       "5   0.53369832 -1.73600236  0.03584857  0.36659406 -0.3249856\n",
       "6   0.49395437 -1.03698473  0.07879276 -0.39990796  0.1117328\n",
       "7  -0.57098744 -0.01582456 -1.20817133  0.03857880 -0.1888670\n",
       "8   0.08639052  0.96717754 -0.67848560 -0.94117668 -0.3054000\n",
       "9   0.13038589 -0.22076719 -0.99625585 -0.52508619  1.8484595\n",
       "10 -0.83919513  1.01093743  0.99035758  0.68735157 -0.1747314"
      ]
     },
     "metadata": {},
     "output_type": "display_data"
    }
   ],
   "source": [
    "A"
   ]
  },
  {
   "cell_type": "markdown",
   "id": "5fb35e28-c748-4fd8-89db-1eb1c76f4aa0",
   "metadata": {},
   "source": [
    "`-` Z를 포함하는 열을 선택 "
   ]
  },
  {
   "cell_type": "code",
   "execution_count": 102,
   "id": "16ecdf28-94c9-431b-8abe-dea4d1af4267",
   "metadata": {},
   "outputs": [
    {
     "data": {
      "text/plain": [
       "   XZ1         XZ2        \n",
       "1   0.95756614 -0.30129979\n",
       "2  -1.06746861  0.63455394\n",
       "3  -0.80694017  0.59275899\n",
       "4   0.40289417 -0.02683564\n",
       "5   0.03584857  0.36659406\n",
       "6   0.07879276 -0.39990796\n",
       "7  -1.20817133  0.03857880\n",
       "8  -0.67848560 -0.94117668\n",
       "9  -0.99625585 -0.52508619\n",
       "10  0.99035758  0.68735157"
      ]
     },
     "metadata": {},
     "output_type": "display_data"
    }
   ],
   "source": [
    "A %>% select(contains(\"Z\"))"
   ]
  },
  {
   "cell_type": "markdown",
   "id": "f158c91e-84e5-414f-9559-ac0d77951541",
   "metadata": {},
   "source": [
    "#### select(...,everything()) "
   ]
  },
  {
   "cell_type": "markdown",
   "id": "6cd5befd-5046-4f1b-ae5d-090be03812ff",
   "metadata": {},
   "source": [
    "`-` 데이터확인 "
   ]
  },
  {
   "cell_type": "code",
   "execution_count": 103,
   "id": "21ce2ce7-ebd2-4fb8-aedb-454d41b4d2aa",
   "metadata": {},
   "outputs": [
    {
     "data": {
      "text/plain": [
       "   XY1         XY2         XZ1         XZ2         X5        \n",
       "1   1.17767702  0.63070688  0.95756614 -0.30129979 -0.1132809\n",
       "2   2.73106894  0.79315491 -1.06746861  0.63455394 -0.6277589\n",
       "3  -1.35304458 -0.88411918 -0.80694017  0.59275899  0.9040710\n",
       "4  -0.03276446 -0.89302478  0.40289417 -0.02683564  0.4549365\n",
       "5   0.53369832 -1.73600236  0.03584857  0.36659406 -0.3249856\n",
       "6   0.49395437 -1.03698473  0.07879276 -0.39990796  0.1117328\n",
       "7  -0.57098744 -0.01582456 -1.20817133  0.03857880 -0.1888670\n",
       "8   0.08639052  0.96717754 -0.67848560 -0.94117668 -0.3054000\n",
       "9   0.13038589 -0.22076719 -0.99625585 -0.52508619  1.8484595\n",
       "10 -0.83919513  1.01093743  0.99035758  0.68735157 -0.1747314"
      ]
     },
     "metadata": {},
     "output_type": "display_data"
    }
   ],
   "source": [
    "A"
   ]
  },
  {
   "cell_type": "markdown",
   "id": "e1e52523-7b53-4cd5-ae9f-9e80d52026ce",
   "metadata": {},
   "source": [
    "`-` Z를 포함하는 열을 앞으로 이동시킴 "
   ]
  },
  {
   "cell_type": "code",
   "execution_count": 104,
   "id": "a7d8149f-6798-4e9d-821a-9595d4bd0a2d",
   "metadata": {},
   "outputs": [
    {
     "data": {
      "text/plain": [
       "   XZ1         XZ2         XY1         XY2         X5        \n",
       "1   0.95756614 -0.30129979  1.17767702  0.63070688 -0.1132809\n",
       "2  -1.06746861  0.63455394  2.73106894  0.79315491 -0.6277589\n",
       "3  -0.80694017  0.59275899 -1.35304458 -0.88411918  0.9040710\n",
       "4   0.40289417 -0.02683564 -0.03276446 -0.89302478  0.4549365\n",
       "5   0.03584857  0.36659406  0.53369832 -1.73600236 -0.3249856\n",
       "6   0.07879276 -0.39990796  0.49395437 -1.03698473  0.1117328\n",
       "7  -1.20817133  0.03857880 -0.57098744 -0.01582456 -0.1888670\n",
       "8  -0.67848560 -0.94117668  0.08639052  0.96717754 -0.3054000\n",
       "9  -0.99625585 -0.52508619  0.13038589 -0.22076719  1.8484595\n",
       "10  0.99035758  0.68735157 -0.83919513  1.01093743 -0.1747314"
      ]
     },
     "metadata": {},
     "output_type": "display_data"
    }
   ],
   "source": [
    "A %>% select(contains(\"Z\"),everything())"
   ]
  },
  {
   "cell_type": "markdown",
   "id": "12dd3323-0d77-4df7-880c-d0fddb361aa5",
   "metadata": {},
   "source": [
    "### filter()  "
   ]
  },
  {
   "cell_type": "markdown",
   "id": "a4776359-b270-4cfd-aa41-d6e3965a988c",
   "metadata": {},
   "source": [
    "`-` 데이터확인 "
   ]
  },
  {
   "cell_type": "code",
   "execution_count": 105,
   "id": "ec375283-baca-4be1-95d4-6b9979cf1a76",
   "metadata": {},
   "outputs": [
    {
     "data": {
      "text/plain": [
       "   XY1         XY2         XZ1         XZ2         X5        \n",
       "1   1.17767702  0.63070688  0.95756614 -0.30129979 -0.1132809\n",
       "2   2.73106894  0.79315491 -1.06746861  0.63455394 -0.6277589\n",
       "3  -1.35304458 -0.88411918 -0.80694017  0.59275899  0.9040710\n",
       "4  -0.03276446 -0.89302478  0.40289417 -0.02683564  0.4549365\n",
       "5   0.53369832 -1.73600236  0.03584857  0.36659406 -0.3249856\n",
       "6   0.49395437 -1.03698473  0.07879276 -0.39990796  0.1117328\n",
       "7  -0.57098744 -0.01582456 -1.20817133  0.03857880 -0.1888670\n",
       "8   0.08639052  0.96717754 -0.67848560 -0.94117668 -0.3054000\n",
       "9   0.13038589 -0.22076719 -0.99625585 -0.52508619  1.8484595\n",
       "10 -0.83919513  1.01093743  0.99035758  0.68735157 -0.1747314"
      ]
     },
     "metadata": {},
     "output_type": "display_data"
    }
   ],
   "source": [
    "A"
   ]
  },
  {
   "cell_type": "markdown",
   "id": "14efafbf-10f4-4e6b-bf84-ff0dee7d6f7a",
   "metadata": {},
   "source": [
    "`-` X5>0인 행들만 뽑고싶다. "
   ]
  },
  {
   "cell_type": "code",
   "execution_count": 106,
   "id": "91f456dc-d888-492f-8d3c-a7cfe8bc96b4",
   "metadata": {},
   "outputs": [
    {
     "data": {
      "text/plain": [
       "  XY1         XY2        XZ1         XZ2         X5       \n",
       "1 -1.35304458 -0.8841192 -0.80694017  0.59275899 0.9040710\n",
       "2 -0.03276446 -0.8930248  0.40289417 -0.02683564 0.4549365\n",
       "3  0.49395437 -1.0369847  0.07879276 -0.39990796 0.1117328\n",
       "4  0.13038589 -0.2207672 -0.99625585 -0.52508619 1.8484595"
      ]
     },
     "metadata": {},
     "output_type": "display_data"
    }
   ],
   "source": [
    "A %>% filter(X5>0)"
   ]
  },
  {
   "cell_type": "markdown",
   "id": "692d6ac9-e2a1-44b0-884a-c73e6b4c4842",
   "metadata": {},
   "source": [
    "`-` X5>0 이고 XY2>0 인 행들만 뽑고싶다. "
   ]
  },
  {
   "cell_type": "code",
   "execution_count": 107,
   "id": "92f8b794-81e9-4f6f-a6d9-244282d60ec1",
   "metadata": {},
   "outputs": [
    {
     "data": {
      "text/plain": [
       "     XY1 XY2 XZ1 XZ2 X5"
      ]
     },
     "metadata": {},
     "output_type": "display_data"
    }
   ],
   "source": [
    "A %>% filter(X5>0 & XY2>0) "
   ]
  },
  {
   "cell_type": "markdown",
   "id": "7657b230-73d4-4503-a3ce-243b16e16399",
   "metadata": {},
   "source": [
    "`-` 위의 결과에서 XZ를 포함하는 열을 뽑고싶다. "
   ]
  },
  {
   "cell_type": "code",
   "execution_count": 108,
   "id": "997562e6-8d69-423f-80ec-30a737304db4",
   "metadata": {},
   "outputs": [
    {
     "data": {
      "text/plain": [
       "     XZ1 XZ2"
      ]
     },
     "metadata": {},
     "output_type": "display_data"
    }
   ],
   "source": [
    "A %>% filter(X5>0 & XY2>0) %>% select(contains(\"XZ\"))"
   ]
  },
  {
   "cell_type": "markdown",
   "id": "017a5184-8305-4178-a816-7e9783429aa3",
   "metadata": {},
   "source": [
    "### mutate()"
   ]
  },
  {
   "cell_type": "markdown",
   "id": "47dff1a7-7f6c-4956-b06d-190cbad4efae",
   "metadata": {},
   "source": [
    "`-` 데이터를 확인 "
   ]
  },
  {
   "cell_type": "code",
   "execution_count": 109,
   "id": "5814ab99-a408-458f-988c-db7ae1e45aa7",
   "metadata": {},
   "outputs": [
    {
     "data": {
      "text/plain": [
       "   XY1         XY2         XZ1         XZ2         X5        \n",
       "1   1.17767702  0.63070688  0.95756614 -0.30129979 -0.1132809\n",
       "2   2.73106894  0.79315491 -1.06746861  0.63455394 -0.6277589\n",
       "3  -1.35304458 -0.88411918 -0.80694017  0.59275899  0.9040710\n",
       "4  -0.03276446 -0.89302478  0.40289417 -0.02683564  0.4549365\n",
       "5   0.53369832 -1.73600236  0.03584857  0.36659406 -0.3249856\n",
       "6   0.49395437 -1.03698473  0.07879276 -0.39990796  0.1117328\n",
       "7  -0.57098744 -0.01582456 -1.20817133  0.03857880 -0.1888670\n",
       "8   0.08639052  0.96717754 -0.67848560 -0.94117668 -0.3054000\n",
       "9   0.13038589 -0.22076719 -0.99625585 -0.52508619  1.8484595\n",
       "10 -0.83919513  1.01093743  0.99035758  0.68735157 -0.1747314"
      ]
     },
     "metadata": {},
     "output_type": "display_data"
    }
   ],
   "source": [
    "A"
   ]
  },
  {
   "cell_type": "markdown",
   "id": "cc6a7594-9947-4157-b3f2-d079932aa27e",
   "metadata": {},
   "source": [
    "`-` 새로운 변수추가 "
   ]
  },
  {
   "cell_type": "code",
   "execution_count": 110,
   "id": "07ff90c4-519e-40cf-9500-1b25dc360099",
   "metadata": {},
   "outputs": [
    {
     "data": {
      "text/plain": [
       "   XY1         XY2         XZ1         XZ2         X5         X6       \n",
       "1   1.17767702  0.63070688  0.95756614 -0.30129979 -0.1132809 0.1132809\n",
       "2   2.73106894  0.79315491 -1.06746861  0.63455394 -0.6277589 0.6277589\n",
       "3  -1.35304458 -0.88411918 -0.80694017  0.59275899  0.9040710 0.9040710\n",
       "4  -0.03276446 -0.89302478  0.40289417 -0.02683564  0.4549365 0.4549365\n",
       "5   0.53369832 -1.73600236  0.03584857  0.36659406 -0.3249856 0.3249856\n",
       "6   0.49395437 -1.03698473  0.07879276 -0.39990796  0.1117328 0.1117328\n",
       "7  -0.57098744 -0.01582456 -1.20817133  0.03857880 -0.1888670 0.1888670\n",
       "8   0.08639052  0.96717754 -0.67848560 -0.94117668 -0.3054000 0.3054000\n",
       "9   0.13038589 -0.22076719 -0.99625585 -0.52508619  1.8484595 1.8484595\n",
       "10 -0.83919513  1.01093743  0.99035758  0.68735157 -0.1747314 0.1747314"
      ]
     },
     "metadata": {},
     "output_type": "display_data"
    }
   ],
   "source": [
    "A %>% mutate(X6=abs(X5))"
   ]
  },
  {
   "cell_type": "markdown",
   "id": "8816dd7e-2df1-43b7-a6cc-3088d2855355",
   "metadata": {},
   "source": [
    "`-` 여러개의 새로운 변수를 추가하는 기능도 있음"
   ]
  },
  {
   "cell_type": "code",
   "execution_count": 111,
   "id": "cb02fc0e-11df-457e-bfb6-e36753e6c70a",
   "metadata": {},
   "outputs": [
    {
     "data": {
      "text/plain": [
       "   XY1         XY2         XZ1         XZ2         X5         X6       \n",
       "1   1.17767702  0.63070688  0.95756614 -0.30129979 -0.1132809 0.1132809\n",
       "2   2.73106894  0.79315491 -1.06746861  0.63455394 -0.6277589 0.6277589\n",
       "3  -1.35304458 -0.88411918 -0.80694017  0.59275899  0.9040710 0.9040710\n",
       "4  -0.03276446 -0.89302478  0.40289417 -0.02683564  0.4549365 0.4549365\n",
       "5   0.53369832 -1.73600236  0.03584857  0.36659406 -0.3249856 0.3249856\n",
       "6   0.49395437 -1.03698473  0.07879276 -0.39990796  0.1117328 0.1117328\n",
       "7  -0.57098744 -0.01582456 -1.20817133  0.03857880 -0.1888670 0.1888670\n",
       "8   0.08639052  0.96717754 -0.67848560 -0.94117668 -0.3054000 0.3054000\n",
       "9   0.13038589 -0.22076719 -0.99625585 -0.52508619  1.8484595 1.8484595\n",
       "10 -0.83919513  1.01093743  0.99035758  0.68735157 -0.1747314 0.1747314\n",
       "   Z7        \n",
       "1  0.01283257\n",
       "2  0.39408125\n",
       "3  0.81734435\n",
       "4  0.20696721\n",
       "5  0.10561567\n",
       "6  0.01248422\n",
       "7  0.03567076\n",
       "8  0.09326918\n",
       "9  3.41680236\n",
       "10 0.03053106"
      ]
     },
     "metadata": {},
     "output_type": "display_data"
    }
   ],
   "source": [
    "A %>% mutate(X6=abs(X5),Z7=X5**2)"
   ]
  },
  {
   "cell_type": "markdown",
   "id": "fd365710-c1a9-41a2-b619-c38c23e39052",
   "metadata": {},
   "source": [
    "`-` 표준화 "
   ]
  },
  {
   "cell_type": "code",
   "execution_count": 112,
   "id": "9bdd2901-2a3c-4f9e-91da-4cc0a9fda06b",
   "metadata": {},
   "outputs": [
    {
     "data": {
      "text/plain": [
       "   XY1         XY2         XZ1         XZ2         X5         X6       \n",
       "1   1.17767702  0.63070688  0.95756614 -0.30129979 -0.1132809 0.1132809\n",
       "2   2.73106894  0.79315491 -1.06746861  0.63455394 -0.6277589 0.6277589\n",
       "3  -1.35304458 -0.88411918 -0.80694017  0.59275899  0.9040710 0.9040710\n",
       "4  -0.03276446 -0.89302478  0.40289417 -0.02683564  0.4549365 0.4549365\n",
       "5   0.53369832 -1.73600236  0.03584857  0.36659406 -0.3249856 0.3249856\n",
       "6   0.49395437 -1.03698473  0.07879276 -0.39990796  0.1117328 0.1117328\n",
       "7  -0.57098744 -0.01582456 -1.20817133  0.03857880 -0.1888670 0.1888670\n",
       "8   0.08639052  0.96717754 -0.67848560 -0.94117668 -0.3054000 0.3054000\n",
       "9   0.13038589 -0.22076719 -0.99625585 -0.52508619  1.8484595 1.8484595\n",
       "10 -0.83919513  1.01093743  0.99035758  0.68735157 -0.1747314 0.1747314\n",
       "   Z7         Z8        \n",
       "1  0.01283257 -0.4756090\n",
       "2  0.39408125 -0.1127605\n",
       "3  0.81734435  0.2900747\n",
       "4  0.20696721 -0.2908439\n",
       "5  0.10561567 -0.3873039\n",
       "6  0.01248422 -0.4759406\n",
       "7  0.03567076 -0.4538731\n",
       "8  0.09326918 -0.3990545\n",
       "9  3.41680236  2.7640755\n",
       "10 0.03053106 -0.4587647"
      ]
     },
     "metadata": {},
     "output_type": "display_data"
    }
   ],
   "source": [
    "A %>% mutate(X6=abs(X5),Z7=X5**2,Z8=(Z7-mean(Z7))/sd(Z7)) "
   ]
  },
  {
   "cell_type": "markdown",
   "id": "bff59d05-9112-4e2b-8157-417eff0d7d4a",
   "metadata": {
    "tags": []
   },
   "source": [
    "### group_by() "
   ]
  },
  {
   "cell_type": "code",
   "execution_count": 113,
   "id": "b463cf75-5dfb-446e-a28e-ba8edcce5dcf",
   "metadata": {},
   "outputs": [],
   "source": [
    "sex = c(\"M\",\"M\",\"M\",\"F\",\"F\",\"F\",\"F\") \n",
    "value = c(1,2,3,10,20,30,40)"
   ]
  },
  {
   "cell_type": "code",
   "execution_count": 114,
   "id": "9ab1c328-6a60-4ac5-b6f4-b672d361e504",
   "metadata": {},
   "outputs": [
    {
     "data": {
      "text/plain": [
       "  sex value\n",
       "1 M    1   \n",
       "2 M    2   \n",
       "3 M    3   \n",
       "4 F   10   \n",
       "5 F   20   \n",
       "6 F   30   \n",
       "7 F   40   "
      ]
     },
     "metadata": {},
     "output_type": "display_data"
    }
   ],
   "source": [
    "df = tibble(sex,value)\n",
    "df"
   ]
  },
  {
   "cell_type": "code",
   "execution_count": 115,
   "id": "04ff8684-a648-4c9a-9a23-b8222cbedfbd",
   "metadata": {},
   "outputs": [
    {
     "data": {
      "text/plain": [
       "  sex mean_value\n",
       "1 F   25        \n",
       "2 M    2        "
      ]
     },
     "metadata": {},
     "output_type": "display_data"
    }
   ],
   "source": [
    "df %>% group_by(sex) %>% summarise(mean_value=mean(value))"
   ]
  },
  {
   "cell_type": "markdown",
   "id": "59424d52-8de5-490e-ac8b-0cfc6046f716",
   "metadata": {},
   "source": [
    "- 그룹별로 묶은 다음에 평균을 계산함 "
   ]
  },
  {
   "cell_type": "markdown",
   "id": "ace95975-9d9c-4883-9b35-d2c9027cb793",
   "metadata": {},
   "source": [
    "`-` 신기한데? 다른것도 실습해보자. "
   ]
  },
  {
   "cell_type": "code",
   "execution_count": 116,
   "id": "03706929-bf7b-47d1-a3b5-128486df4a96",
